1       1.5E-6
10      1.9E-6
20      8.0E-7
30      9.0E-7
40      1.1E-6
50      1.3E-6
100     1.16E-5
300     5.9E-6
500     9.5E-6
1000    1.104E-4
5000    1.129E-4
10000   0.0011057
20000   3.811E-4
30000   6.391E-4
40000   7.746E-4
50000   9.585E-4
60000   0.0011208
70000   0.0013059
80000   0.0017024
90000   0.0016999
100000  0.0115786
110000  0.0058316
120000  0.0061945
130000  0.0067774
140000  0.0022207
150000  0.0023948
160000  0.0034881
170000  0.0032273
180000  0.003388
190000  0.0036284
200000  0.0037414
500000  0.0094057
1000000 0.0506198